38.0 -16.0 -10.0
38.0 -16.0 -10.0
38.0 -16.0 -10.0
38.0 -17.0 -10.0
38.0 -16.0 -10.0
38.0 -16.0 -10.0
38.0 -16.0 -10.0
38.0 -17.0 -10.0
38.0 -17.0 -10.0
38.0 -16.0 -10.0
38.0 -16.0 -12.0
38.0 -17.0 -12.0
38.0 -17.0 -12.0
38.0 -17.0 -12.0
38.0 -17.0 -11.0
39.0 -17.0 -12.0
38.0 -17.0 -11.0
38.0 -17.0 -11.0
38.0 -16.0 -12.0
39.0 -17.0 -11.0
38.0 -17.0 -12.0
38.0 -17.0 -12.0
39.0 -17.0 -11.0
39.0 -17.0 -11.0
38.0 -16.0 -11.0
38.0 -17.0 -11.0
39.0 -17.0 -12.0
38.0 -16.0 -11.0
38.0 -17.0 -10.0
39.0 -17.0 -12.0
38.0 -17.0 -12.0
38.0 -17.0 -11.0
38.0 -17.0 -11.0
38.0 -17.0 -12.0
39.0 -17.0 -11.0
38.0 -17.0 -12.0
38.0 -17.0 -12.0
38.0 -17.0 -12.0
38.0 -17.0 -12.0
38.0 -16.0 -12.0
38.0 -16.0 -12.0
38.0 -17.0 -12.0
38.0 -17.0 -12.0
38.0 -17.0 -12.0
38.0 -17.0 -12.0
38.0 -17.0 -12.0
38.0 -17.0 -12.0
38.0 -17.0 -12.0
38.0 -16.0 -11.0
38.0 -17.0 -12.0
39.0 -17.0 -11.0
38.0 -17.0 -12.0
38.0 -17.0 -11.0
39.0 -17.0 -12.0
38.0 -17.0 -12.0
38.0 -16.0 -12.0
39.0 -17.0 -12.0
38.0 -17.0 -12.0
39.0 -16.0 -12.0
38.0 -17.0 -12.0
38.0 -17.0 -11.0
38.0 -17.0 -12.0
38.0 -17.0 -12.0
38.0 -17.0 -12.0
38.0 -16.0 -12.0
38.0 -17.0 -12.0
38.0 -17.0 -12.0
39.0 -16.0 -12.0
38.0 -17.0 -12.0
38.0 -17.0 -12.0
38.0 -16.0 -12.0
38.0 -17.0 -11.0
39.0 -17.0 -11.0
39.0 -17.0 -10.0
39.0 -17.0 -11.0
39.0 -16.0 -10.0
39.0 -17.0 -10.0
39.0 -17.0 -10.0
39.0 -17.0 -11.0
39.0 -17.0 -10.0
39.0 -17.0 -11.0
39.0 -16.0 -11.0
39.0 -17.0 -11.0
38.0 -16.0 -11.0
39.0 -17.0 -10.0
39.0 -17.0 -11.0
39.0 -16.0 -10.0
39.0 -17.0 -10.0
39.0 -16.0 -11.0
39.0 -17.0 -10.0
39.0 -17.0 -11.0
39.0 -17.0 -11.0
39.0 -16.0 -11.0
38.0 -16.0 -11.0
38.0 -17.0 -11.0
39.0 -17.0 -11.0
39.0 -17.0 -11.0
39.0 -17.0 -11.0
39.0 -17.0 -11.0
39.0 -18.0 -11.0
39.0 -18.0 -11.0
39.0 -16.0 -10.0
39.0 -17.0 -11.0
39.0 -18.0 -11.0
39.0 -17.0 -11.0
39.0 -17.0 -10.0
39.0 -17.0 -11.0
39.0 -18.0 -10.0
39.0 -17.0 -11.0
39.0 -17.0 -11.0
39.0 -17.0 -11.0
39.0 -17.0 -11.0
39.0 -17.0 -11.0
39.0 -17.0 -11.0
39.0 -17.0 -11.0
39.0 -17.0 -11.0
39.0 -17.0 -11.0
39.0 -17.0 -11.0
39.0 -17.0 -11.0
39.0 -17.0 -11.0
39.0 -17.0 -11.0
39.0 -17.0 -11.0
39.0 -17.0 -11.0
39.0 -17.0 -11.0
39.0 -17.0 -11.0
39.0 -17.0 -11.0
39.0 -17.0 -11.0
39.0 -17.0 -11.0
39.0 -16.0 -11.0
39.0 -17.0 -11.0
39.0 -17.0 -11.0
39.0 -17.0 -10.0
39.0 -17.0 -11.0
39.0 -17.0 -11.0
39.0 -17.0 -11.0
39.0 -17.0 -11.0
39.0 -17.0 -11.0
38.0 -17.0 -11.0
39.0 -17.0 -10.0
39.0 -17.0 -11.0
39.0 -17.0 -11.0
39.0 -17.0 -11.0
39.0 -17.0 -11.0
39.0 -17.0 -11.0
39.0 -17.0 -11.0
39.0 -17.0 -11.0
39.0 -17.0 -11.0
39.0 -17.0 -11.0
39.0 -17.0 -11.0
39.0 -17.0 -11.0
39.0 -17.0 -11.0
38.0 -17.0 -11.0
39.0 -17.0 -11.0
39.0 -17.0 -11.0
39.0 -17.0 -11.0
39.0 -17.0 -11.0
39.0 -17.0 -11.0
39.0 -17.0 -11.0
39.0 -17.0 -10.0
39.0 -17.0 -10.0
39.0 -17.0 -11.0
39.0 -17.0 -11.0
39.0 -17.0 -11.0
39.0 -17.0 -11.0
38.0 -17.0 -11.0
39.0 -17.0 -10.0
39.0 -17.0 -10.0
39.0 -17.0 -10.0
39.0 -17.0 -11.0
39.0 -17.0 -11.0
39.0 -17.0 -11.0
39.0 -17.0 -11.0
39.0 -17.0 -11.0
39.0 -16.0 -11.0
39.0 -17.0 -10.0
39.0 -16.0 -11.0
39.0 -17.0 -11.0
39.0 -17.0 -11.0
38.0 -17.0 -11.0
39.0 -17.0 -11.0
39.0 -17.0 -11.0
39.0 -17.0 -11.0
39.0 -17.0 -11.0
39.0 -17.0 -11.0
39.0 -17.0 -10.0
39.0 -17.0 -11.0
38.0 -17.0 -11.0
39.0 -17.0 -11.0
39.0 -17.0 -11.0
39.0 -17.0 -11.0
39.0 -17.0 -10.0
39.0 -17.0 -11.0
39.0 -17.0 -11.0
39.0 -17.0 -11.0
39.0 -17.0 -10.0
38.0 -16.0 -10.0
38.0 -18.0 -13.0
38.0 -18.0 -13.0
38.0 -18.0 -12.0
38.0 -18.0 -13.0
38.0 -18.0 -13.0
38.0 -18.0 -13.0
38.0 -18.0 -13.0
38.0 -19.0 -12.0
38.0 -18.0 -13.0
38.0 -18.0 -13.0
38.0 -18.0 -13.0
38.0 -18.0 -12.0
38.0 -18.0 -13.0
38.0 -18.0 -13.0
38.0 -18.0 -13.0
38.0 -19.0 -13.0
38.0 -18.0 -13.0
38.0 -18.0 -13.0
38.0 -18.0 -13.0
38.0 -17.0 -12.0
38.0 -18.0 -13.0
38.0 -18.0 -12.0
38.0 -18.0 -13.0
38.0 -18.0 -13.0
38.0 -18.0 -13.0
38.0 -18.0 -13.0
38.0 -18.0 -13.0
38.0 -18.0 -12.0
38.0 -18.0 -13.0
38.0 -18.0 -13.0
38.0 -18.0 -13.0
38.0 -18.0 -13.0
38.0 -18.0 -13.0
38.0 -18.0 -13.0
38.0 -18.0 -12.0
38.0 -18.0 -13.0
38.0 -18.0 -13.0
38.0 -19.0 -13.0
37.0 -18.0 -13.0
38.0 -18.0 -13.0
38.0 -18.0 -13.0
38.0 -18.0 -13.0
37.0 -18.0 -13.0
38.0 -18.0 -12.0
37.0 -18.0 -13.0
38.0 -18.0 -13.0
38.0 -18.0 -13.0
38.0 -19.0 -13.0
38.0 -17.0 -13.0
38.0 -18.0 -13.0
37.0 -18.0 -13.0
38.0 -18.0 -13.0
38.0 -18.0 -13.0
38.0 -19.0 -13.0
38.0 -18.0 -13.0
38.0 -18.0 -13.0
38.0 -18.0 -13.0
38.0 -18.0 -13.0
38.0 -18.0 -13.0
38.0 -18.0 -13.0
38.0 -18.0 -13.0
38.0 -18.0 -13.0
38.0 -18.0 -13.0
38.0 -19.0 -13.0
38.0 -18.0 -12.0
38.0 -18.0 -13.0
38.0 -18.0 -12.0
38.0 -18.0 -12.0
38.0 -18.0 -13.0
38.0 -19.0 -13.0
38.0 -18.0 -13.0
38.0 -17.0 -13.0
38.0 -18.0 -12.0
38.0 -19.0 -13.0
38.0 -18.0 -13.0
38.0 -19.0 -13.0
38.0 -18.0 -12.0
38.0 -18.0 -13.0
38.0 -18.0 -12.0
37.0 -18.0 -13.0
38.0 -19.0 -13.0
38.0 -18.0 -12.0
38.0 -17.0 -13.0
38.0 -18.0 -13.0
38.0 -18.0 -13.0
38.0 -18.0 -13.0
38.0 -18.0 -13.0
38.0 -18.0 -13.0
38.0 -19.0 -12.0
38.0 -18.0 -13.0
38.0 -18.0 -13.0
38.0 -18.0 -13.0
38.0 -18.0 -13.0
38.0 -18.0 -13.0
37.0 -18.0 -12.0
38.0 -18.0 -13.0
38.0 -18.0 -13.0
37.0 -17.0 -13.0
38.0 -18.0 -13.0
38.0 -19.0 -13.0
38.0 -18.0 -13.0
38.0 -18.0 -13.0
38.0 -18.0 -12.0
38.0 -18.0 -13.0
38.0 -18.0 -13.0
37.0 -18.0 -13.0
38.0 -18.0 -12.0
38.0 -18.0 -14.0
37.0 -18.0 -13.0
38.0 -18.0 -13.0
38.0 -18.0 -13.0
37.0 -18.0 -12.0
38.0 -19.0 -13.0
38.0 -18.0 -13.0
38.0 -19.0 -13.0
