-12.0 -6.0 32.0
0.0 -15.0 36.0
4.0 -39.0 21.0
4.0 10.0 40.0
-12.0 -33.0 24.0
21.0 -41.0 1.0
-19.0 -4.0 34.0
20.0 -42.0 -8.0
-24.0 -10.0 29.0
42.0 -4.0 -15.0
18.0 -41.0 -14.0
15.0 34.0 22.0
-2.0 -34.0 -34.0
34.0 14.0 19.0
0.0 -43.0 -19.0
30.0 -30.0 -19.0
-3.0 20.0 36.0
-4.0 -38.0 -29.0
43.0 -2.0 1.0
-18.0 -35.0 15.0
24.0 -38.0 -15.0
3.0 6.0 41.0
-3.0 -39.0 -27.0
37.0 -26.0 -7.0
-18.0 -15.0 34.0
0.0 -43.0 -21.0
38.0 13.0 12.0
15.0 -30.0 -34.0
41.0 -13.0 -11.0
16.0 -44.0 0.0
22.0 -38.0 -19.0
-3.0 5.0 42.0
-30.0 -9.0 21.0
20.0 -20.0 33.0
31.0 30.0 -13.0
-21.0 -16.0 31.0
-17.0 -21.0 -37.0
31.0 -32.0 7.0
-28.0 -22.0 15.0
-3.0 -39.0 24.0
7.0 13.0 38.0
36.0 -17.0 -24.0
-27.0 2.0 28.0
-21.0 -8.0 30.0
